5,1385
8,396
8,626
8,512
5,1384
8,412
5,1383
8,386
5,457
5,1382
8,519
5,1381
8,625
5,972
5,971
5,1380
5,456
5,1379
8,314
8,309
5,1378
5,1377
8,624
5,1376
5,498
5,1375
5,1374
5,20
5,1373
8,623
5,1372
8,405
5,1371
5,1370
8,411
8,110
5,1369
5,1368
8,622
5,1367
5,1366
5,1365
5,1364
5,497
8,621
5,1363
5,1362
5,1361
5,1360
8,620
5,1359
5,1358
5,496
5,1357
5,460
5,454
5,1356
5,1355
8,619
5,1354
8,313
8,310
5,1353
8,531
5,1352
8,270
5,1351
8,618
8,530
5,1350
8,312
8,311
5,1219
5,1218
5,1349
8,95
5,1348
5,1347
8,617
5,1346
5,1345
5,1344
8,529
8,516
5,1343
8,616
5,495
5,216
8,352
5,1342
5,1341
5,494
8,320
5,1340
5,1339
8,615
5,1338
5,1337
5,1336
5,1335
8,614
5,1334
5,1333
5,1332
5,194
5,1331
8,613
5,1330
5,1329
8,410
8,21
5,1328
5,1327
8,612
5,1326
5,1325
8,528
5,1324
8,275
5,1323
8,611
5,1322
5,970
5,969
5,968
5,1321
5,1320
8,409
5,1319
8,610
5,1318
5,1317
5,493
5,1316
5,1315
5,458
5,1314
8,609
8,408
8,393
5,1313
5,1312
5,1311
5,1217
5,1310
8,608
5,1309
5,1308
5,1307
8,607
5,1306
5,1305
5,1304
8,407
5,1303
8,92
5,1302
8,606
5,492
5,452
5,1301
5,1300
5,1299
5,1298
8,605
8,527
8,107
5,1297
5,1296
5,1295
5,1294
8,604
5,1293
5,1292
5,1291
5,1290
8,603
5,1289
5,1288
8,308
8,307
5,1287
5,491
8,306
5,1286
8,602
5,1285
5,1284
5,212
5,1283
5,1282
8,601
5,1281
5,1280
5,1215
5,1214
8,600
5,1213
5,1212
5,1211
5,1210
8,599
5,1209
5,1208
5,490
5,199
5,1216
5,1207
5,1206
8,598
5,1205
8,351
5,1204
5,1203
5,1202
8,597
5,1201
5,1200
5,1199
8,81
5,1198
5,967
8,596
8,350
5,1197
8,406
8,276
5,1196
5,1195
8,397
5,1194
8,595
5,1193
5,1192
5,1191
5,1190
5,1189
8,594
5,1188
5,1187
5,1186
5,1185
8,593
5,489
5,1184
5,455
5,1183
5,1182
5,1181
8,592
5,1180
5,1179
5,1178
5,1177
8,591
5,1176
5,1175
5,1174
5,1173
8,590
8,526
5,1172
8,291
5,964
5,1171
5,1170
5,1169
8,589
5,1168
5,1167
5,488
5,966
5,1166
5,210
5,1165
8,588
5,1164
5,1163
5,1162
5,487
5,1161
8,20
5,1160
8,525
8,524
8,24
5,1159
8,523
8,404
5,1158
8,587
5,1157
8,305
5,217
5,1156
5,1155
5,1154
8,586
8,522
5,1153
5,1152
8,304
5,486
5,1151
5,202
5,1150
8,585
5,1149
5,485
5,1148
5,1147
5,197
8,584
5,1146
5,1145
5,484
5,1144
5,1143
8,583
5,1142
5,1141
5,963
5,1140
5,1139
8,582
5,1138
5,1137
5,1136
5,1135
8,581
5,1134
5,483
5,1133
5,213
5,1132
5,1131
8,580
5,1130
5,1129
5,1128
5,1127
8,579
5,450
5,1126
5,1125
8,303
5,1124
5,1123
5,965
8,578
5,1122
5,1121
8,521
8,109
5,1120
5,1119
8,577
5,1118
8,403
8,388
5,1117
5,1116
8,402
5,1115
8,576
5,1114
5,1113
5,1112
5,1111
8,511
5,1110
5,1109
5,482
5,1108
5,1107
8,510
5,453
5,1106
5,1105
5,1104
8,509
5,1103
5,1102
5,481
5,1101
5,1100
8,508
5,1099
5,1098
5,451
5,1097
8,272
8,401
5,1096
8,400
8,507
5,1095
8,269
5,480
5,1094
5,1093
8,302
8,520
5,479
5,1092
8,36
5,1091
8,506
5,1090
5,449
5,224
5,1089
8,399
8,392
5,1088
5,1087
8,505
5,1086
5,1085
8,301
5,1084
5,962
5,1083
8,398
5,255
8,504
5,1082
5,1081
5,1080
5,961
5,1079
8,503
5,1078
5,1077
8,513
5,1076
5,1075
8,502
5,1074
8,58
5,1073
5,1072
5,1071
5,478
8,501
5,1070
5,42
8,518
5,1069
8,283
5,1068
5,1067
8,500
5,1066
5,1065
5,477
5,1064
8,517
8,113
5,1063
8,499
5,1062
5,1061
5,448
5,1060
5,1059
8,349
8,498
8,65
5,1058
5,1057
5,1056
8,348
5,1055
8,497
5,1054
5,1053
5,1052
5,1051
8,496
5,1050
5,1049
8,123
5,1048
5,1047
8,495
8,347
5,1046
8,126
5,1045
5,960
5,1044
8,494
5,1043
5,1042
5,1041
5,1040
5,1039
8,493
5,1038
5,1037
5,1036
5,1035
8,492
5,1034
8,298
5,1033
5,1032
8,300
5,1031
8,491
5,1030
5,1029
5,1028
8,390
5,1027
8,490
5,1026
5,1025
5,1024
5,959
8,489
5,958
5,957
8,262
5,956
5,955
8,299
8,488
5,253
5,954
5,953
5,952
8,487
5,951
5,950
5,949
5,948
5,947
8,486
5,946
5,945
5,944
8,346
8,120
8,485
5,943
8,285
5,942
5,476
8,345
5,254
5,941
8,344
5,940
5,231
8,484
5,939
8,258
5,938
8,117
5,937
5,936
5,935
8,483
5,934
5,933
5,932
8,343
5,931
8,482
5,930
8,256
5,251
5,929
8,395
5,928
8,271
8,342
8,341
5,927
8,481
5,926
8,115
8,87
5,925
5,924
5,923
8,480
5,922
5,921
5,920
5,919
8,479
5,918
8,340
5,917
5,916
8,91
8,339
5,475
5,915
8,121
8,478
5,914
5,913
5,912
8,338
5,911
8,93
8,477
5,910
5,19
8,337
5,909
8,122
5,908
8,336
8,335
8,127
8,88
5,907
8,476
5,906
8,296
5,905
5,904
5,903
8,475
5,902
5,252
5,901
5,900
5,899
8,474
5,898
5,897
5,896
5,895
8,473
5,894
5,250
5,893
5,892
5,891
8,472
5,890
5,889
5,888
8,515
8,471
5,887
8,295
5,886
5,885
5,884
8,470
5,883
5,882
5,881
5,880
5,474
8,469
8,514
5,879
8,334
8,79
5,878
5,877
5,473
5,876
8,333
8,293
8,468
5,875
8,18
5,54
5,874
8,19
5,873
5,207
5,872
8,467
5,871
5,870
5,869
5,868
8,466
8,332
8,331
5,867
8,119
5,866
8,62
8,330
5,865
8,329
8,33
5,864
8,465
5,863
8,114
5,862
8,328
5,861
5,249
5,860
8,464
8,54
5,859
8,273
5,858
5,857
8,463
5,856
5,855
5,854
5,853
8,462
5,852
5,851
5,850
5,849
8,461
5,848
5,847
5,846
5,845
5,472
8,297
8,460
8,257
5,844
5,193
5,843
8,327
5,842
8,90
5,841
8,292
8,459
5,840
5,839
5,838
5,837
8,458
5,836
5,246
5,835
8,326
5,834
8,89
5,833
8,394
8,457
5,832
5,247
8,86
8,265
5,831
8,325
5,830
8,324
8,77
8,52
5,829
8,391
8,125
8,456
5,828
5,827
8,112
5,826
5,825
5,824
8,455
5,823
5,822
5,248
5,821
5,820
8,454
8,290
5,819
5,471
5,818
8,263
5,817
8,453
5,816
5,815
5,814
5,813
8,294
8,94
8,452
5,812
5,811
5,810
5,809
5,470
8,451
5,808
5,807
5,806
5,200
5,805
8,450
5,804
8,323
5,803
8,116
5,802
5,801
5,469
8,449
5,800
5,468
5,53
5,799
8,389
5,798
5,797
8,448
5,796
5,56
5,795
5,794
5,793
8,255
5,792
5,791
5,790
5,789
8,254
5,788
5,787
5,786
5,785
8,253
5,467
5,784
5,220
5,783
8,281
5,782
5,781
5,245
8,252
5,780
5,779
8,322
5,778
8,286
5,777
8,251
8,39
5,776
5,775
8,103
5,774
5,773
8,250
5,772
5,771
8,82
5,244
5,770
8,249
5,769
5,768
5,767
5,766
8,248
5,765
5,764
5,763
5,762
8,247
5,761
5,760
5,759
5,758
8,246
5,757
5,756
8,321
5,466
5,755
5,754
8,31
8,245
5,753
8,279
5,465
5,752
5,751
5,750
8,244
5,749
5,223
5,748
8,387
5,747
5,215
5,241
5,746
8,243
5,745
5,744
5,743
5,742
8,242
5,243
5,741
5,740
8,102
5,739
5,738
8,241
5,737
5,464
5,736
5,735
5,734
8,240
5,463
5,733
5,732
5,192
8,385
5,731
5,221
8,97
5,730
8,239
5,729
5,728
5,727
5,726
8,238
5,725
8,289
8,74
5,724
8,288
5,723
5,722
8,237
5,721
5,720
5,719
5,718
8,384
8,236
5,717
8,287
8,29
8,278
5,716
5,715
5,714
8,235
5,713
5,712
8,284
5,711
5,240
8,99
5,710
5,709
8,234
5,708
5,707
5,462
5,706
5,206
8,101
8,233
5,705
5,704
5,703
5,461
5,242
5,702
8,56
5,701
8,232
5,195
5,700
8,282
5,699
5,698
8,231
5,697
5,696
5,695
5,694
5,693
8,230
5,692
8,266
5,691
5,690
8,229
5,689
8,280
5,688
5,687
8,267
5,686
5,685
8,228
5,684
5,459
5,683
5,682
5,681
8,227
5,680
5,679
5,678
5,677
8,226
5,676
5,675
5,674
5,673
8,225
5,672
5,671
5,670
5,669
8,224
5,668
5,667
5,666
5,665
5,239
5,664
8,223
5,663
5,662
5,661
5,660
8,222
5,659
5,658
5,52
5,657
5,236
5,656
8,221
8,264
5,655
5,654
5,653
5,652
8,220
5,651
5,650
5,238
8,277
5,649
5,648
8,219
5,647
5,646
5,645
5,644
8,218
5,643
8,274
5,642
5,641
5,640
8,217
5,639
8,78
5,638
5,637
5,636
8,216
5,635
8,53
5,634
5,633
5,632
8,215
5,631
5,630
8,104
5,629
5,628
8,214
5,627
5,237
5,626
5,625
5,624
8,213
5,623
8,268
5,622
8,124
5,621
5,620
8,212
5,619
5,618
5,617
5,616
8,211
5,615
5,614
5,613
5,612
8,210
5,611
5,610
5,609
5,608
8,209
5,607
5,606
5,605
5,604
8,208
5,603
8,111
5,602
5,601
5,600
8,207
5,599
8,40
5,598
5,597
5,596
8,206
5,595
8,118
5,594
8,76
8,73
5,593
5,592
8,261
8,205
5,591
5,590
5,233
5,589
8,260
5,588
8,259
5,234
8,204
5,587
5,586
5,585
5,584
8,203
5,583
5,582
5,581
5,580
8,202
5,579
5,578
5,577
5,576
8,201
5,575
5,574
5,573
5,572
8,200
5,571
5,570
5,569
5,229
5,568
8,199
5,567
5,566
5,565
5,564
8,198
5,563
5,235
5,562
5,561
5,560
8,197
5,559
5,558
5,557
5,556
8,108
8,196
5,555
5,554
5,553
5,552
8,195
5,551
5,550
5,549
5,232
5,548
8,194
5,547
5,546
5,545
5,544
8,193
5,543
5,542
5,541
5,540
5,539
8,192
5,538
5,537
5,536
5,535
8,191
5,534
5,533
8,106
5,532
5,531
8,190
5,228
5,530
5,529
5,528
5,527
8,189
5,526
5,525
5,524
5,523
8,188
5,522
5,521
5,520
5,519
8,187
5,518
5,517
5,516
5,515
8,186
5,514
5,513
5,512
8,98
5,447
8,185
5,446
5,227
5,445
5,444
5,443
8,184
5,442
5,441
5,440
5,439
8,183
5,438
5,437
5,436
5,435
8,182
5,434
5,433
5,432
5,431
8,181
5,430
5,429
5,428
5,427
5,230
8,100
8,180
5,29
5,426
5,425
5,424
5,423
5,422
8,179
5,421
5,420
5,419
5,418
8,178
5,417
5,219
5,416
5,415
5,414
8,177
5,413
5,412
5,411
5,410
8,176
5,409
5,222
5,408
8,96
5,407
5,225
5,406
8,175
5,405
5,404
5,403
5,402
8,174
5,401
8,105
5,400
8,23
5,226
5,399
5,398
8,173
5,397
5,396
5,58
5,395
5,394
5,393
8,172
5,392
5,391
5,390
5,389
8,171
5,388
5,387
5,386
5,385
5,384
8,170
5,383
5,382
5,381
5,380
8,169
5,379
5,378
5,377
5,376
8,168
5,375
5,374
5,373
5,372
8,167
5,371
5,370
5,369
5,368
8,166
5,367
5,366
5,365
5,218
5,364
8,165
5,363
5,362
5,361
8,164
5,360
5,359
5,358
8,84
5,357
5,356
8,163
5,355
8,75
5,354
5,353
8,162
5,352
5,214
5,351
5,350
5,349
5,348
8,161
5,347
5,346
5,345
5,344
8,160
5,343
8,80
5,342
5,341
5,340
8,159
5,339
5,338
5,337
5,336
8,158
5,335
5,334
5,333
5,332
8,157
5,331
5,209
5,330
5,329
5,328
8,156
5,327
5,326
5,211
5,325
5,324
8,155
5,323
5,322
5,321
5,320
8,154
5,319
5,318
5,317
5,316
8,153
5,315
5,314
5,313
8,152
5,312
5,311
5,310
5,309
8,151
5,308
5,307
5,306
5,305
8,150
5,304
5,303
5,302
5,301
8,149
5,300
5,299
5,298
5,297
8,148
5,296
5,295
5,294
8,85
5,293
5,208
5,292
8,147
5,291
5,290
5,289
8,67
8,83
5,288
5,287
8,146
5,286
5,285
5,284
5,283
5,282
8,145
5,281
5,198
5,280
5,279
5,278
5,277
8,144
5,276
5,275
5,274
5,273
5,203
5,272
5,271
8,143
8,64
5,270
5,269
0,447
5,268
5,267
5,266
8,142
5,265
5,264
5,263
5,262
8,141
5,261
5,62
5,260
5,259
5,258
8,140
5,257
5,256
5,191
0,446
8,139
5,190
5,189
5,188
5,187
8,138
5,186
8,60
5,185
5,63
5,184
5,183
8,137
5,182
5,181
5,180
5,179
8,72
8,71
5,178
8,136
8,70
5,177
5,176
5,175
5,205
5,174
5,204
5,173
8,135
5,172
5,171
5,170
8,69
5,169
5,168
5,167
8,134
5,166
0,445
5,201
5,165
5,164
5,163
5,61
5,162
8,133
5,161
5,160
5,159
5,158
5,196
5,157
8,132
5,156
5,155
5,154
5,153
5,152
8,131
5,151
5,35
0,444
5,150
5,149
5,148
0,443
8,130
5,147
5,146
5,55
5,145
5,144
8,129
5,143
5,142
5,141
5,140
5,139
8,128
0,442
5,138
0,441
0,440
5,137
0,439
5,136
5,135
8,68
5,134
8,47
5,133
5,132
8,66
5,131
5,130
5,129
5,128
0,438
5,51
8,43
8,63
5,127
5,126
5,125
5,124
5,123
8,61
8,59
8,5
5,122
5,121
5,120
5,119
8,57
5,118
5,117
5,116
5,115
5,114
8,55
5,113
5,60
5,49
5,112
5,111
5,59
8,51
5,110
5,109
5,108
5,107
8,50
5,106
5,105
5,104
8,49
5,103
5,102
5,101
8,48
5,100
5,99
8,46
8,6
8,45
5,98
5,57
5,97
5,47
8,44
5,96
8,42
8,4
5,95
8,41
5,94
5,93
8,38
5,92
5,91
5,90
5,50
5,7
8,37
5,89
5,88
5,87
5,86
5,85
8,35
5,84
5,83
5,82
5,81
8,34
5,80
5,79
5,78
8,32
5,77
5,76
5,48
5,30
5,75
5,74
5,46
5,6
8,30
5,73
5,72
5,71
5,70
8,28
5,69
5,68
5,67
5,66
8,27
5,65
5,64
5,45
5,44
8,26
5,43
5,41
5,40
5,39
5,38
8,25
5,37
8,8
5,36
5,34
8,22
5,33
8,7
5,32
5,31
5,4
5,28
8,9
8,17
5,27
5,26
5,25
8,16
5,24
5,23
8,15
5,22
5,21
5,5
5,18
8,14
5,17
5,16
8,13
5,15
5,14
8,12
5,13
5,12
8,11
8,10
0,437
0,436
0,435
0,434
0,433
0,432
5,11
0,431
0,430
0,429
0,428
0,427
0,426
0,425
0,424
0,423
0,422
0,421
0,420
0,419
0,418
0,417
0,416
5,10
0,415
0,414
5,9
5,8
0,413
0,412
0,411
0,410
0,409
0,408
0,407
0,406
0,405
0,404
0,403
0,402
0,401
0,400
0,399
0,398
0,397
0,396
0,395
0,394
0,393
0,392
0,391
0,390
0,389
0,388
0,387
0,386
0,385
0,384
0,383
0,382
0,381
0,380
0,379
0,378
0,377
0,376
0,375
0,374
0,373
0,372
0,371
0,370
0,369
0,368
0,367
0,366
0,365
0,364
0,363
0,362
0,361
0,360
0,359
0,358
0,357
0,356
0,355
0,354
0,353
0,352
0,351
0,350
0,349
0,348
0,347
0,346
0,345
0,344
8,3
8,2
0,343
8,1
8,0
0,342
0,341
7,3
7,2
0,340
7,1
7,0
0,339
0,338
0,337
6,4
0,336
0,335
0,334
6,3
6,2
0,333
6,1
6,0
0,332
0,331
0,330
0,329
0,328
0,327
0,326
0,325
0,324
0,323
0,322
0,321
0,320
0,319
0,318
0,317
5,3
5,2
5,1
5,0
4,3
4,2
4,1
4,0
3,6
3,5
3,4
3,3
3,2
3,1
3,0
2,2
1,2
0,243
1,1
1,3
1,0
2,1
2,3
2,0
0,9
0,310
0,305
0,308
0,304
0,303
0,302
0,307
0,12
0,10
0,8
0,0
0,300
0,299
0,298
0,297
0,296
0,295
0,294
0,293
0,292
0,291
0,290
0,289
0,288
0,287
0,286
0,285
0,284
0,283
0,282
0,281
0,280
0,279
0,278
0,277
0,276
0,275
0,274
0,273
0,272
0,271
0,270
0,269
0,268
0,267
0,266
0,265
0,264
0,263
0,262
0,261
0,260
0,259
0,258
0,257
0,256
0,255
0,254
0,253
0,252
0,251
0,250
0,249
0,248
0,247
0,246
0,245
0,244
0,242
0,241
0,240
0,239
0,238
0,237
0,236
0,235
0,234
0,233
0,232
0,231
0,230
0,229
0,228
0,227
0,226
0,225
0,224
0,223
0,222
0,221
0,220
0,219
0,218
0,217
0,216
0,215
0,214
0,213
0,212
0,211
0,210
0,209
0,208
0,207
0,206
0,205
0,204
0,203
0,202
0,201
0,200
0,199
0,198
0,197
0,196
0,195
0,194
0,193
0,192
0,63
0,62
0,61
0,60
0,59
0,58
0,57
0,56
0,55
0,54
0,53
0,316
0,52
0,315
0,51
0,314
0,50
0,313
0,49
0,312
0,48
0,311
0,47
0,309
0,46
0,306
0,45
0,301
0,6
0,5
0,1
0,11
0,4
0,2
0,3
0,7
